2.0 88.56
1.83 83.22
1.31 56.09
1.99 90.81
2.07 92.99
1.5 66.72
1.92 89.8
1.43 61.33
2.08 96.69
1.4 65.09
1.41 59.28
2.1 97.42
1.8 81.46
2.05 90.67
1.43 66.97
1.57 73.99
1.6 67.89
1.99 91.5
1.92 83.88
1.44 61.54
2.02 88.65
1.41 65.48
2.02 91.24
1.57 71.1
1.88 87.36
1.89 82.68
1.42 65.88
1.82 82.53
1.82 79.62
1.72 77.32
1.63 71.24
1.4 62.84
1.33 61.02
1.64 71.68
1.68 75.41
1.5 66.06
1.68 75.56
1.42 64.35
2.01 87.54
1.3 59.44
1.48 67.67
1.92 87.39
1.37 63.03
1.62 74.1
1.51 70.1
1.42 61.34
1.3 61.18
1.32 57.61
1.85 78.87
2.02 90.24
1.53 69.7
1.44 62.57
1.49 68.62
1.33 60.54
1.72 74.01
1.93 90.56
1.34 60.6
2.08 94.45
1.45 65.2
1.6 73.14
1.4 62.09
1.98 90.89
1.52 67.27
1.83 81.08
1.61 76.04
1.6 70.95
2.02 93.64
1.6 72.1
1.64 75.24
1.74 78.99
1.8 78.7
1.68 75.17
1.76 79.74
1.92 84.28
1.34 62.57
1.85 85.43
1.64 74.47
1.61 73.64
1.78 82.32
2.03 92.04
1.67 75.71
1.55 71.37
2.1 94.9
2.04 88.0
1.31 60.1
1.43 64.61
1.75 77.58
1.77 83.09
1.79 78.62
1.99 89.43
1.86 82.89
1.55 69.78
2.1 92.61
1.69 75.18
1.4 62.78
1.83 84.6
1.72 76.75
2.02 88.89
1.87 84.24
1.43 63.48
1.49 65.91
2.04 90.77
1.76 75.87
1.41 64.24
1.63 73.05
2.08 94.0
1.84 84.72
2.06 96.77
2.07 89.5
2.01 88.96
1.81 82.78
1.56 71.87
1.49 65.68
2.07 96.49
1.44 68.32
1.44 63.09
1.76 78.66
2.0 85.19
1.74 78.15
2.09 93.31
1.34 62.13
1.88 83.11
1.57 73.1
1.5 72.39
1.6 69.72
1.88 86.18
1.62 74.21
1.72 73.77
1.6 70.13
1.9 83.17
1.96 86.98
2.02 89.63
2.08 97.7
1.41 60.7
1.51 69.22
1.89 81.81
1.74 76.02
1.92 84.33
2.06 88.5
1.81 82.81
1.48 68.11
1.74 78.74
1.41 62.32
1.43 64.29
2.06 94.76
2.05 95.37
1.4 63.02
1.84 83.15
1.9 87.28
1.64 77.11
2.06 95.52
2.1 94.26
1.42 64.47
1.57 71.12
1.94 87.47
1.47 67.04
1.49 66.47
1.94 83.85
1.36 62.02
1.5 66.67
2.06 93.34
2.08 94.06
2.0 90.0
1.89 82.07
1.34 59.01
1.97 93.42
1.97 87.0
1.97 91.11
1.57 73.35
1.96 83.26
1.81 78.24
1.77 79.82
1.49 65.74
1.9 83.12
1.87 85.13
1.54 70.72
1.62 69.73
1.63 74.06
1.42 64.71
1.37 61.45
1.64 73.27
1.32 60.7
2.06 94.01
1.54 68.83
1.56 66.96
1.85 82.96
2.08 90.37
2.02 92.52
1.95 92.93
1.8 81.97
1.32 56.69
1.46 65.97
1.86 83.84
1.68 76.41
1.69 76.62
1.67 76.34
2.09 92.17
2.05 93.44
1.31 62.5
1.56 70.35
1.48 67.2
1.68 77.64
1.37 63.03
1.63 75.51
1.69 75.99
1.34 60.01
1.73 77.42
2.03 93.66
1.36 60.63
1.46 66.31
2.1 93.2
1.51 69.32
1.81 79.18
1.81 83.04
1.73 75.95
1.86 81.47
1.46 65.24
1.99 89.8
1.79 81.74
2.03 92.06
1.37 62.09
1.91 88.55
2.1 93.07
1.53 70.26
1.51 70.05
1.66 76.2
1.35 63.45
2.08 94.74
2.09 94.06
1.35 62.2
2.05 93.1
2.0 90.36
1.99 89.98
1.87 83.2
1.58 72.47
1.54 69.11
1.42 63.45
1.38 62.24
1.53 68.35
1.43 64.23
1.6 72.05
1.96 92.25
2.1 93.07
1.6 71.49
2.03 87.33
1.94 90.09
1.92 87.23
1.55 70.49
1.64 72.1
1.84 85.1
1.91 85.87
1.79 79.19
1.74 76.63
1.92 87.0
1.66 74.45
1.82 84.42
2.09 96.45
1.36 63.14
1.64 73.06
1.76 79.56
1.31 57.41
1.54 69.07
2.03 89.37
1.64 71.44
1.88 84.56
1.53 69.52
1.74 81.73
1.43 63.47
1.34 63.41
1.33 60.65
1.7 79.15
2.07 91.81
2.1 96.73
1.52 71.58
1.49 68.41
1.3 60.61
1.49 67.91
1.96 87.14
1.33 58.21
1.57 67.7
1.44 65.29
1.39 60.12
1.34 65.55
1.35 59.7
1.59 71.52
1.52 68.29
2.0 89.99
1.65 75.25
1.98 92.78
1.84 82.34
1.81 82.71
1.43 62.81
1.73 75.79
1.45 62.75
1.37 59.2
2.09 95.75
1.63 74.95
1.67 73.64
1.89 84.13
1.41 63.12
